2021	626402	00001	04-01-2021	211751503000024	04-01-2021			1,0000000000
2021	626402	00002	04-01-2021	211751503000023	04-01-2021			1,0000000000
2021	626402	00003	06-01-2021	211751303000022	08-01-2021			1,0000000000
2021	626402	00004	07-01-2021	211751503000049	01-02-2021			1,0000000000
2021	626402	00005	07-01-2021	211751503000073	01-02-2021			1,0000000000
2021	626402	00006	14-01-2021	211751503000048	01-02-2021			1,0000000000
2021	626402	00008	18-01-2021	211751303000091	19-01-2021			1,0000000000
2021	626402	00009	18-01-2021	211751303000087	19-01-2021			1,0000000000
2021	626402	00010	22-01-2021	211751301000435	25-01-2021			1,0000000000
2021	626402	00011	22-01-2021	211751301000434	25-01-2021			1,0000000000
2021	626402	00012	22-01-2021	211751302000124	25-01-2021			1,0000000000
2021	626402	00013	22-01-2021	211751301000609	28-01-2021			1,0000000000
2021	626402	00017	27-01-2021	211751303000151	28-01-2021			1,0000000000
2021	626402	00019	01-02-2021	211751303000215	02-02-2021			1,0000000000
2021	626402	00020	02-02-2021	211751303000251	04-02-2021			1,0000000000
2021	626402	00021	02-02-2021	211751303000245	03-02-2021			1,0000000000
2021	626402	00022	03-02-2021	211751303000401	08-02-2021			1,0000000000
2021	626402	00023	03-02-2021	211751303000252	04-02-2021			1,0000000000
2021	626402	00024	03-02-2021	211751303000395	08-02-2021			1,0000000000
2021	626402	00025	05-02-2021	211751303000362	08-02-2021			1,0000000000
2021	626402	00026	05-02-2021	211751303000385	08-02-2021			1,0000000000
2021	626402	00027	05-02-2021	211751303000361	08-02-2021			1,0000000000
2021	626402	00028	05-02-2021	211751303000396	08-02-2021			1,0000000000
2021	626402	00030	08-02-2021	211751303000472	09-02-2021			1,0000000000
2021	626402	00031	08-02-2021	211751303000473	09-02-2021			1,0000000000
2021	626402	00032	08-02-2021	211751303000516	10-02-2021			1,0000000000
2021	626402	00033	08-02-2021	211751303000517	10-02-2021			1,0000000000
2021	626402	00034	08-02-2021	211751302000571	10-02-2021			1,0000000000
2021	626402	00035	08-02-2021	211751303000518	10-02-2021			1,0000000000
2021	626402	00036	08-02-2021	211751302000573	10-02-2021			1,0000000000
2021	626402	00037	08-02-2021	211751302000572	10-02-2021			1,0000000000
2021	626402	00038	08-02-2021	211751303000417	09-02-2021			1,0000000000
2021	626402	00039	08-02-2021	211751301001414	10-02-2021			1,0000000000
2021	626402	00040	10-02-2021	211751503000121	01-03-2021			1,0000000000
2021	626402	00041	10-02-2021	211751503000122	01-03-2021			1,0000000000
2021	626402	00042	10-02-2021	211751503000120	01-03-2021			1,0000000000
2021	626402	00043	10-02-2021	211751303000592	11-02-2021			1,0000000000
2021	626402	00044	10-02-2021	211751303000584	11-02-2021			1,0000000000
2021	626402	00045	10-02-2021	211751303000582	11-02-2021			1,0000000000
2021	626402	00046	10-02-2021	211751303000585	11-02-2021			1,0000000000
2021	626402	00047	10-02-2021	211751303000583	11-02-2021			1,0000000000
2021	626402	00048	11-02-2021	211751303000732	16-02-2021			1,0000000000
2021	626402	00049	11-02-2021	211751303000733	16-02-2021			1,0000000000
2021	626402	00050	11-02-2021	211751303000734	16-02-2021			1,0000000000
2021	626402	00051	11-02-2021	211751303000735	16-02-2021			1,0000000000
2021	626402	00052	11-02-2021	211751302000730	16-02-2021			1,0000000000
2021	626402	00053	11-02-2021	211751303000719	16-02-2021			1,0000000000
2021	626402	00054	11-02-2021	211751302000737	16-02-2021			1,0000000000
2021	626402	00055	11-02-2021	211751303000720	16-02-2021			1,0000000000
2021	626402	00056	11-02-2021	211751303000718	16-02-2021			1,0000000000
2021	626402	00057	11-02-2021	211751301001935	16-02-2021			1,0000000000
2021	626402	00058	11-02-2021	211751303000688	15-02-2021			1,0000000000
2021	626402	00059	11-02-2021	211751303000689	15-02-2021			1,0000000000
2021	626402	00060	11-02-2021	211751303000669	15-02-2021			1,0000000000
2021	626402	00061	15-02-2021	211751302000760	16-02-2021			1,0000000000
2021	626402	00062	15-02-2021	211751302000759	16-02-2021			1,0000000000
2021	626402	00064	15-02-2021	211751303000742	16-02-2021			1,0000000000
2021	626402	00065	15-02-2021	211751303000743	16-02-2021			1,0000000000
2021	626402	00066	15-02-2021	211751302000761	16-02-2021			1,0000000000
2021	626402	00067	15-02-2021	211751301002006	16-02-2021			1,0000000000
2021	626402	00068	15-02-2021	211751301002003	16-02-2021			1,0000000000
2021	626402	00069	17-02-2021	211751302000965	19-02-2021			1,0000000000
2021	626402	00070	18-02-2021	211751303000970	19-02-2021			1,0000000000
2021	626402	00071	19-02-2021	211751301002727	22-02-2021			1,0000000000
2021	626402	00072	22-02-2021	211751303001068	24-02-2021			1,0000000000
2021	626402	00073	22-02-2021	211751301002937	24-02-2021			1,0000000000
2021	626402	00074	22-02-2021	211751301002946	24-02-2021			1,0000000000
2021	626402	00075	22-02-2021	211751301002947	24-02-2021			1,0000000000
2021	626402	00077	22-02-2021	211751301002962	24-02-2021			1,0000000000
2021	626402	00078	22-02-2021	211751303001069	24-02-2021			1,0000000000
2021	626402	00079	22-02-2021	211751303001070	24-02-2021			1,0000000000
2021	626402	00080	22-02-2021	211751303001071	24-02-2021			1,0000000000
2021	626402	00081	22-02-2021	211751302001189	24-02-2021			1,0000000000
2021	626402	00082	22-02-2021	211751302001190	24-02-2021			1,0000000000
2021	626402	00083	22-02-2021	211751302001177	23-02-2021			1,0000000000
2021	626402	00084	22-02-2021	211751301002912	23-02-2021			1,0000000000
2021	626402	00085	22-02-2021	211751302001178	23-02-2021			1,0000000000
2021	626402	00086	22-02-2021	211751302001179	23-02-2021			1,0000000000
2021	626402	00087	22-02-2021	211751303001061	23-02-2021			1,0000000000
2021	626402	00088	23-02-2021	211751303001230	01-03-2021			1,0000000000
2021	626402	00089	23-02-2021	211751503000176	01-03-2021			1,0000000000
2021	626402	00090	24-02-2021	211751701000039	26-02-2021			1,0000000000
2021	626402	00091	24-02-2021	211751701000040	26-02-2021			1,0000000000
2021	626402	00092	24-02-2021	211751701000041	26-02-2021			1,0000000000
2021	626402	00093	24-02-2021	211751503000175	01-03-2021			1,0000000000
2021	626402	00094	25-02-2021	211751701000042	26-02-2021			1,0000000000
2021	626402	00095	01-03-2021	201751701012812	03-03-2021			1,0000000000
2021	626402	00096	01-03-2021	201751701012811	03-03-2021			1,0000000000
2021	626402	00097	01-03-2021	211751303001328	03-03-2021			1,0000000000
2021	626402	00098	01-03-2021	211751303001309	02-03-2021			1,0000000000
2021	626402	00099	01-03-2021	211751303001310	02-03-2021			1,0000000000
2021	626402	00100	01-03-2021	211751302001619	03-03-2021			1,0000000000
2021	626402	00101	03-03-2021	201751701012825	04-03-2021			1,0000000000
2021	626402	00102	03-03-2021	201751701012826	04-03-2021			1,0000000000
2021	626402	00103	03-03-2021	201751701012827	04-03-2021			1,0000000000
2021	626402	00104	03-03-2021	201751701012824	04-03-2021			1,0000000000
2021	626402	00105	04-03-2021	211751303001646	05-03-2021			1,0000000000
2021	626402	00106	08-03-2021	211751701000097	09-03-2021			1,0000000000
2021	626402	00107	08-03-2021	211751701000098	09-03-2021			1,0000000000
2021	626402	00108	08-03-2021	211751701000099	09-03-2021			1,0000000000
2021	626402	00109	08-03-2021	211751701000100	09-03-2021			1,0000000000
2021	626402	00110	08-03-2021	211751701000101	09-03-2021			1,0000000000
2021	626402	00111	08-03-2021	211751701000102	09-03-2021			1,0000000000
2021	626402	00112	08-03-2021	211751701000103	09-03-2021			1,0000000000
2021	626402	00113	08-03-2021	211751701000104	09-03-2021			1,0000000000
2021	626402	00114	08-03-2021	211751701000096	09-03-2021			1,0000000000
2021	626402	00115	08-03-2021	211751701000095	09-03-2021			1,0000000000
2021	626402	00116	08-03-2021	211751701000105	09-03-2021			1,0000000000
2021	626402	00117	08-03-2021	211751701000106	09-03-2021			1,0000000000
2021	626402	00118	08-03-2021	211751303001872	09-03-2021			1,0000000000
2021	626402	00119	08-03-2021	211751303001873	09-03-2021			1,0000000000
2021	626402	00120	08-03-2021	211751303001874	09-03-2021			1,0000000000
2021	626402	00121	08-03-2021	211751303001875	09-03-2021			1,0000000000
2021	626402	00122	08-03-2021	211751303001863	09-03-2021			1,0000000000
2021	626402	00123	08-03-2021	211751303001880	09-03-2021			1,0000000000
2021	626402	00124	08-03-2021	211751303001859	09-03-2021			1,0000000000
2021	626402	00125	08-03-2021	211751701000107	09-03-2021			1,0000000000
2021	626402	00126	08-03-2021	211751701000108	09-03-2021			1,0000000000
2021	626402	00127	09-03-2021	211751701000118	10-03-2021			1,0000000000
2021	626402	00128	09-03-2021	211751701000119	10-03-2021			1,0000000000
2021	626402	00129	09-03-2021	211751701000120	10-03-2021			1,0000000000
2021	626402	00130	09-03-2021	211751701000121	10-03-2021			1,0000000000
2021	626402	00131	09-03-2021	211751303001947	10-03-2021			1,0000000000
2021	626402	00132	09-03-2021	211751701000109	10-03-2021			1,0000000000
2021	626402	00133	09-03-2021	211751701000110	10-03-2021			1,0000000000
2021	626402	00134	09-03-2021	211751701000111	10-03-2021			1,0000000000
2021	626402	00135	09-03-2021	211751701000112	10-03-2021			1,0000000000
2021	626402	00136	09-03-2021	211751701000113	10-03-2021			1,0000000000
2021	626402	00137	09-03-2021	211751701000114	10-03-2021			1,0000000000
2021	626402	00138	09-03-2021	211751701000115	10-03-2021			1,0000000000
2021	626402	00139	09-03-2021	211751701000122	10-03-2021			1,0000000000
2021	626402	00140	09-03-2021	211751301005430	10-03-2021			1,0000000000
2021	626402	00142	10-03-2021	211751301005872	15-03-2021			1,0000000000
2021	626402	00143	10-03-2021	211751302002590	15-03-2021			1,0000000000
2021	626402	00144	10-03-2021	211751303002155	15-03-2021			1,0000000000
2021	626402	00145	10-03-2021	211751303002172	15-03-2021			1,0000000000
2021	626402	00146	12-03-2021	211751301005948	15-03-2021			1,0000000000
2021	626402	00147	12-03-2021	211751301005947	15-03-2021			1,0000000000
2021	626402	00148	12-03-2021	211751301005943	15-03-2021			1,0000000000
2021	626402	00149	12-03-2021	211751301005944	15-03-2021			1,0000000000
2021	626402	00150	12-03-2021	211751301005945	15-03-2021			1,0000000000
2021	626402	00151	12-03-2021	211751302002608	15-03-2021			1,0000000000
2021	626402	00152	12-03-2021	211751302002609	15-03-2021			1,0000000000
2021	626402	00153	12-03-2021	211751301005942	15-03-2021			1,0000000000
2021	626402	00154	15-03-2021	211751503000217	01-04-2021			1,0000000000
2021	626402	00155	15-03-2021	211751503000218	01-04-2021			1,0000000000
2021	626402	00156	15-03-2021	211751503000219	01-04-2021			1,0000000000
2021	626402	00157	15-03-2021	211751303002300	17-03-2021			1,0000000000
2021	626402	00159	15-03-2021	211751303002299	17-03-2021			1,0000000000
2021	626402	00160	16-03-2021	211751303002419	17-03-2021			1,0000000000
2021	626402	00161	16-03-2021	211751303002420	17-03-2021			1,0000000000
2021	626402	00162	16-03-2021	211751303002462	18-03-2021			1,0000000000
2021	626402	00163	16-03-2021	211751303002463	18-03-2021			1,0000000000
2021	626402	00164	16-03-2021	211751303002421	17-03-2021			1,0000000000
2021	626402	00165	16-03-2021	211751302002940	18-03-2021			1,0000000000
2021	626402	00166	16-03-2021	211751303002428	18-03-2021			1,0000000000
2021	626402	00167	16-03-2021	211751302002933	18-03-2021			1,0000000000
2021	626402	00168	16-03-2021	211751302002938	18-03-2021			1,0000000000
2021	626402	00169	16-03-2021	211751302002936	18-03-2021			1,0000000000
2021	626402	00170	16-03-2021	211751302002937	18-03-2021			1,0000000000
2021	626402	00171	16-03-2021	211751302002939	18-03-2021			1,0000000000
2021	626402	00172	16-03-2021	211751303002429	18-03-2021			1,0000000000
2021	626402	00173	22-03-2021	211751303002786	23-03-2021			1,0000000000
2021	626402	00174	22-03-2021	211751303002796	23-03-2021			1,0000000000
2021	626402	00175	22-03-2021	211751303002787	23-03-2021			1,0000000000
2021	626402	00176	22-03-2021	211751303002788	23-03-2021			1,0000000000
2021	626402	00177	23-03-2021	211751303002840	24-03-2021			1,0000000000
2021	626402	00178	23-03-2021	211751303002841	24-03-2021			1,0000000000
2021	626402	00179	23-03-2021	211751303002881	24-03-2021			1,0000000000
2021	626402	00180	23-03-2021	211751303002882	24-03-2021			1,0000000000
2021	626402	00181	23-03-2021	211751301007931	24-03-2021			1,0000000000
2021	626402	00182	24-03-2021	211751503000281	01-04-2021			1,0000000000
2021	626402	00183	24-03-2021	211751503000280	01-04-2021			1,0000000000
2021	626402	00184	24-03-2021	211751503000282	01-04-2021			1,0000000000
2021	626402	00185	29-03-2021	211751303003573	31-03-2021			1,0000000000
2021	626402	00186	29-03-2021	211751303003587	31-03-2021			1,0000000000
2021	626402	00187	30-03-2021	211751303003527	31-03-2021			1,0000000000
2021	626402	00188	30-03-2021	211751303003528	31-03-2021			1,0000000000
2021	626402	00189	30-03-2021	211751303003574	31-03-2021			1,0000000000
2021	626402	00190	30-03-2021	211751303003575	31-03-2021			1,0000000000
2021	626402	00191	30-03-2021	211751303003576	31-03-2021			1,0000000000
2021	626402	00192	30-03-2021	211751303003526	31-03-2021			1,0000000000
2021	626402	00193	30-03-2021	211751303003529	31-03-2021			1,0000000000
2021	626402	00194	30-03-2021	211751303003530	31-03-2021			1,0000000000
2021	626402	00196	06-04-2021	211751303003989	07-04-2021			1,0000000000
2021	626402	00197	06-04-2021	211751303003990	07-04-2021			1,0000000000
2021	626402	00198	06-04-2021	211751303004029	07-04-2021			1,0000000000
2021	626402	00199	06-04-2021	211751303004030	07-04-2021			1,0000000000
2021	626402	00200	06-04-2021	211751303004031	07-04-2021			1,0000000000
2021	626402	00201	06-04-2021	211751303004032	07-04-2021			1,0000000000
2021	626402	00203	07-04-2021	211751303004129	08-04-2021			1,0000000000
2021	626402	00204	07-04-2021	211751303004130	08-04-2021			1,0000000000
2021	626402	00205	07-04-2021	211751303004149	08-04-2021			1,0000000000
2021	626402	00206	07-04-2021	211751303004148	08-04-2021			1,0000000000
2021	626402	00207	08-04-2021	211751303004395	12-04-2021			1,0000000000
2021	626402	00208	08-04-2021	211751303004354	12-04-2021			1,0000000000
2021	626402	00209	08-04-2021	211751303004370	12-04-2021			1,0000000000
2021	626402	00210	08-04-2021	211751303004371	12-04-2021			1,0000000000
2021	626402	00211	08-04-2021	211751303004355	12-04-2021			1,0000000000
2021	626402	00212	09-04-2021	211751303004357	12-04-2021			1,0000000000
2021	626402	00213	09-04-2021	211751302005885	12-04-2021			1,0000000000
2021	626402	00214	13-04-2021	211751301011581	15-04-2021			1,0000000000
2021	626402	00215	13-04-2021	211751303004705	15-04-2021			1,0000000000
2021	626402	00216	13-04-2021	211751302006450	15-04-2021			1,0000000000
2021	626402	00217	13-04-2021	211751301011567	15-04-2021			1,0000000000
2021	626402	00218	13-04-2021	211751303004716	15-04-2021			1,0000000000
2021	626402	00219	13-04-2021	211751303004706	15-04-2021			1,0000000000
2021	626402	00220	13-04-2021	211751302006590	15-04-2021			1,0000000000
2021	626402	00221	13-04-2021	211751303004823	15-04-2021			1,0000000000
2021	626402	00222	13-04-2021	211751303004715	15-04-2021			1,0000000000
2021	626402	00223	14-04-2021	211751301011700	15-04-2021			1,0000000000
2021	626402	00224	14-04-2021	211751301011665	15-04-2021			1,0000000000
2021	626402	00225	14-04-2021	211751303004948	16-04-2021			1,0000000000
2021	626402	00226	14-04-2021	211751303004997	16-04-2021			1,0000000000
2021	626402	00227	14-04-2021	211751303004882	16-04-2021			1,0000000000
2021	626402	00228	14-04-2021	211751303004887	16-04-2021			1,0000000000
2021	626402	00229	14-04-2021	211751303004885	16-04-2021			1,0000000000
2021	626402	00230	14-04-2021	211751303004884	16-04-2021			1,0000000000
2021	626402	00231	14-04-2021	211751303004886	16-04-2021			1,0000000000
2021	626402	00232	14-04-2021	211751304000013	16-04-2021			1,0000000000
2021	626402	00233	15-04-2021	211751503000326	01-05-2021			1,0000000000
2021	626402	00234	15-04-2021	211751503000318	01-05-2021			1,0000000000
2021	626402	00235	15-04-2021	211751503000319	01-05-2021			1,0000000000
2021	626402	00237	16-04-2021	211751303005790	23-04-2021			1,0000000000
2021	626402	00238	16-04-2021	211751302007044	19-04-2021			1,0000000000
2021	626402	00239	16-04-2021	211751303005088	19-04-2021			1,0000000000
2021	626402	00240	19-04-2021	211751301012659	20-04-2021			1,0000000000
2021	626402	00241	19-04-2021	211751301012716	20-04-2021			1,0000000000
2021	626402	00242	19-04-2021	211751303005233	20-04-2021			1,0000000000
2021	626402	00243	19-04-2021	211751303005234	20-04-2021			1,0000000000
2021	626402	00244	19-04-2021	211751701001397	20-04-2021			1,0000000000
2021	626402	00245	19-04-2021	211751303005321	20-04-2021			1,0000000000
2021	626402	00246	19-04-2021	211751303005310	20-04-2021			1,0000000000
2021	626402	00247	19-04-2021	211751303005317	20-04-2021			1,0000000000
2021	626402	00248	19-04-2021	211751303005318	20-04-2021			1,0000000000
2021	626402	00249	19-04-2021	211751303005319	20-04-2021			1,0000000000
2021	626402	00250	19-04-2021	211751303005320	20-04-2021			1,0000000000
2021	626402	00251	19-04-2021	211751302007351	20-04-2021			1,0000000000
2021	626402	00252	19-04-2021	211751303005359	20-04-2021			1,0000000000
2021	626402	00253	19-04-2021	211751303005360	20-04-2021			1,0000000000
2021	626402	00254	19-04-2021	211751301012741	20-04-2021			1,0000000000
2021	626402	00255	19-04-2021	211751301012740	20-04-2021			1,0000000000
2021	626402	00256	19-04-2021	211751302007353	20-04-2021			1,0000000000
2021	626402	00257	20-04-2021	211751303005533	21-04-2021			1,0000000000
2021	626402	00258	20-04-2021	211751301013116	21-04-2021			1,0000000000
2021	626402	00259	20-04-2021	211751302007510	21-04-2021			1,0000000000
2021	626402	00260	20-04-2021	211751301013123	21-04-2021			1,0000000000
2021	626402	00261	20-04-2021	211751302007511	21-04-2021			1,0000000000
2021	626402	00262	20-04-2021	211751303005594	22-04-2021			1,0000000000
2021	626402	00263	20-04-2021	211751301013337	22-04-2021			1,0000000000
2021	626402	00264	20-04-2021	211751302007693	22-04-2021			1,0000000000
2021	626402	00265	20-04-2021	211751302007694	22-04-2021			1,0000000000
2021	626402	00266	20-04-2021	211751303005616	22-04-2021			1,0000000000
2021	626402	00268	21-04-2021	211751301013297	22-04-2021			1,0000000000
2021	626402	00269	22-04-2021	211751301013480	23-04-2021			1,0000000000
2021	626402	00270	22-04-2021	211751303005813	23-04-2021			1,0000000000
2021	626402	00271	22-04-2021	211751701001489	26-04-2021			1,0000000000
2021	626402	00272	22-04-2021	211751701001490	26-04-2021			1,0000000000
2021	626402	00273	22-04-2021	211751303005911	23-04-2021			1,0000000000
2021	626402	00274	22-04-2021	211751303005916	23-04-2021			1,0000000000
2021	626402	00275	22-04-2021	211751301013659	23-04-2021			1,0000000000
2021	626402	00276	22-04-2021	211751302007875	23-04-2021			1,0000000000
2021	626402	00277	22-04-2021	211751301013660	23-04-2021			1,0000000000
2021	626402	00278	22-04-2021	211751302007876	23-04-2021			1,0000000000
2021	626402	00279	22-04-2021	211751503000371	01-05-2021			1,0000000000
2021	626402	00280	22-04-2021	211751503000370	01-05-2021			1,0000000000
2021	626402	00281	23-04-2021	211751701001496	26-04-2021			1,0000000000
2021	626402	00282	23-04-2021	211751303005981	26-04-2021			1,0000000000
2021	626402	00283	23-04-2021	211751303005982	26-04-2021			1,0000000000
2021	626402	00284	23-04-2021	211751701001506	26-04-2021			1,0000000000
2021	626402	00286	26-04-2021	211751302008707	29-04-2021			1,0000000000
2021	626402	00287	27-04-2021	211751303006389	28-04-2021			1,0000000000
2021	626402	00288	04-05-2021	211751303007465	06-05-2021			1,0000000000
2021	626402	00289	04-05-2021	211751303007466	06-05-2021			1,0000000000
2021	626402	00290	27-04-2021	211751303006403	28-04-2021			1,0000000000
2021	626402	00291	27-04-2021	211751301014730	28-04-2021			1,0000000000
2021	626402	00292	27-04-2021	211751701001585	28-04-2021			1,0000000000
2021	626402	00293	27-04-2021	211751701001586	28-04-2021			1,0000000000
2021	626402	00294	27-04-2021	211751303006349	28-04-2021			1,0000000000
2021	626402	00295	27-04-2021	211751303006350	28-04-2021			1,0000000000
2021	626402	00296	27-04-2021	211751303006351	28-04-2021			1,0000000000
2021	626402	00297	27-04-2021	211751303006352	28-04-2021			1,0000000000
2021	626402	00298	27-04-2021	211751303006353	28-04-2021			1,0000000000
2021	626402	00300	29-04-2021	211751303006874	03-05-2021			1,0000000000
2021	626402	00301	29-04-2021	211751303006873	03-05-2021			1,0000000000
2021	626402	00302	29-04-2021	211751303006875	03-05-2021			1,0000000000
2021	626402	00303	29-04-2021	211751503000403	03-05-2021			1,0000000000
2021	626402	00304	29-04-2021	211751503000404	03-05-2021			1,0000000000
2021	626402	00305	29-04-2021	211751503000396	03-05-2021			1,0000000000
2021	626402	00306	03-05-2021	211751303007000	03-05-2021			1,0000000000
2021	626402	00307	03-05-2021	211751701001713	03-05-2021			1,0000000000
2021	626402	00308	03-05-2021	211751701001714	03-05-2021			1,0000000000
2021	626402	00309	03-05-2021	211751701001727	04-05-2021			1,0000000000
2021	626402	00310	03-05-2021	211751701001728	04-05-2021			1,0000000000
2021	626402	00311	03-05-2021	211751701001729	04-05-2021			1,0000000000
2021	626402	00312	03-05-2021	211751701001730	04-05-2021			1,0000000000
2021	626402	00313	03-05-2021	211751701001721	04-05-2021			1,0000000000
2021	626402	00314	03-05-2021	211751701001722	04-05-2021			1,0000000000
2021	626402	00315	04-05-2021	211751303007370	05-05-2021			1,0000000000
2021	626402	00316	04-05-2021	211751303007371	05-05-2021			1,0000000000
2021	626402	00317	04-05-2021	211751303007372	05-05-2021			1,0000000000
2021	626402	00318	04-05-2021	211751303007373	05-05-2021			1,0000000000
2021	626402	00319	04-05-2021	211751303007374	05-05-2021			1,0000000000
2021	626402	00320	04-05-2021	211751303007375	05-05-2021			1,0000000000
2021	626402	00321	04-05-2021	211751701001765	05-05-2021			1,0000000000
2021	626402	00322	04-05-2021	211751701001779	06-05-2021			1,0000000000
2021	626402	00323	04-05-2021	211751701001780	06-05-2021			1,0000000000
2021	626402	00324	05-05-2021	211751503000466	01-06-2021			1,0000000000
2021	626402	00325	05-05-2021	211751503000467	01-06-2021			1,0000000000
2021	626402	00326	05-05-2021	211751503000468	01-06-2021			1,0000000000
2021	626402	00327	06-05-2021	211751701001858	07-05-2021			1,0000000000
2021	626402	00328	06-05-2021	211751302010707	10-05-2021			1,0000000000
2021	626402	00329	06-05-2021	211751303007790	10-05-2021			1,0000000000
2021	626402	00330	06-05-2021	211751302010499	10-05-2021			1,0000000000
2021	626402	00331	06-05-2021	211751302010500	10-05-2021			1,0000000000
2021	626402	00332	06-05-2021	211751303007791	10-05-2021			1,0000000000
2021	626402	00333	06-05-2021	211751303008002	10-05-2021			1,0000000000
2021	626402	00334	06-05-2021	211751303008003	10-05-2021			1,0000000000
2021	626402	00335	06-05-2021	211751303007725	07-05-2021			1,0000000000
2021	626402	00336	06-05-2021	211751701001888	10-05-2021			1,0000000000
2021	626402	00337	06-05-2021	211751303007781	10-05-2021			1,0000000000
2021	626402	00338	06-05-2021	211751301017724	10-05-2021			1,0000000000
2021	626402	00339	06-05-2021	211751302010736	10-05-2021			1,0000000000
2021	626402	00340	06-05-2021	211751303007805	10-05-2021			1,0000000000
2021	626402	00341	06-05-2021	211751301017738	10-05-2021			1,0000000000
2021	626402	00342	06-05-2021	211751303007783	10-05-2021			1,0000000000
2021	626402	00343	07-05-2021	211751303007789	10-05-2021			1,0000000000
2021	626402	00344	07-05-2021	211751503000442	10-05-2021			1,0000000000
2021	626402	00345	10-05-2021	211751301018484	17-05-2021			1,0000000000
2021	626402	00346	10-05-2021	211751303008530	17-05-2021			1,0000000000
2021	626402	00347	10-05-2021	211751302011529	17-05-2021			1,0000000000
2021	626402	00348	10-05-2021	211751302011530	17-05-2021			1,0000000000
2021	626402	00349	10-05-2021	211751302011531	17-05-2021			1,0000000000
2021	626402	00350	10-05-2021	211751302011532	17-05-2021			1,0000000000
2021	626402	00351	10-05-2021	211751303008544	17-05-2021			1,0000000000
2021	626402	00352	10-05-2021	211751303008545	17-05-2021			1,0000000000
2021	626402	00353	10-05-2021	211751303008529	17-05-2021			1,0000000000
2021	626402	00354	10-05-2021	211751303008507	17-05-2021			1,0000000000
2021	626402	00355	10-05-2021	211751303008572	17-05-2021			1,0000000000
2021	626402	00356	10-05-2021	211751303008573	17-05-2021			1,0000000000
2021	626402	00357	10-05-2021	211751303008426	17-05-2021			1,0000000000
2021	626402	00358	10-05-2021	211751303008427	17-05-2021			1,0000000000
2021	626402	00359	10-05-2021	211751303008428	17-05-2021			1,0000000000
2021	626402	00360	10-05-2021	211751303008429	17-05-2021			1,0000000000
2021	626402	00361	10-05-2021	211751303008430	17-05-2021			1,0000000000
2021	626402	00362	10-05-2021	211751303008527	17-05-2021			1,0000000000
2021	626402	00363	10-05-2021	211751701001907	11-05-2021			1,0000000000
2021	626402	00364	10-05-2021	211751301018577	17-05-2021			1,0000000000
2021	626402	00365	10-05-2021	211751303008483	17-05-2021			1,0000000000
2021	626402	00366	10-05-2021	211751302011507	17-05-2021			1,0000000000
2021	626402	00367	10-05-2021	211751302011508	17-05-2021			1,0000000000
2021	626402	00368	10-05-2021	211751301018643	17-05-2021			1,0000000000
2021	626402	00369	10-05-2021	211751301018675	17-05-2021			1,0000000000
2021	626402	00370	10-05-2021	211751301018637	17-05-2021			1,0000000000
2021	626402	00371	10-05-2021	211751302011509	17-05-2021			1,0000000000
2021	626402	00372	11-05-2021	211751303008528	17-05-2021			1,0000000000
2021	626402	00375	17-05-2021	211751303008711	18-05-2021			1,0000000000
2021	626402	00376	17-05-2021	211751303008710	18-05-2021			1,0000000000
2021	626402	00377	17-05-2021	211751701001952	18-05-2021			1,0000000000
2021	626402	00378	17-05-2021	211751303008712	18-05-2021			1,0000000000
2021	626402	00379	17-05-2021	211751303008713	18-05-2021			1,0000000000
2021	626402	00380	17-05-2021	211751303008722	18-05-2021			1,0000000000
2021	626402	00381	17-05-2021	211751303008723	18-05-2021			1,0000000000
2021	626402	00382	17-05-2021	211751701001953	18-05-2021			1,0000000000
2021	626402	00383	18-05-2021	211751701001990	19-05-2021			1,0000000000
2021	626402	00384	18-05-2021	211751701001991	19-05-2021			1,0000000000
2021	626402	00386	27-05-2021	211751303009701	31-05-2021			1,0000000000
2021	626402	00387	19-05-2021	211751303008884	20-05-2021			1,0000000000
2021	626402	00388	19-05-2021	211751701002005	20-05-2021			1,0000000000
2021	626402	00389	19-05-2021	211751701002006	20-05-2021			1,0000000000
2021	626402	00390	19-05-2021	211751303008904	20-05-2021			1,0000000000
2021	626402	00391	19-05-2021	211751303008883	20-05-2021			1,0000000000
2021	626402	00392	20-05-2021	211751303009027	21-05-2021			1,0000000000
2021	626402	00393	20-05-2021	211751701002024	21-05-2021			1,0000000000
2021	626402	00394	20-05-2021	211751701002025	21-05-2021			1,0000000000
2021	626402	00395	20-05-2021	211751701002026	21-05-2021			1,0000000000
2021	626402	00396	20-05-2021	211751701002027	21-05-2021			1,0000000000
2021	626402	00397	21-05-2021	211751302012529	25-05-2021			1,0000000000
2021	626402	00398	21-05-2021	211751301020046	24-05-2021			1,0000000000
2021	626402	00399	21-05-2021	211751303009376	25-05-2021			1,0000000000
2021	626402	00400	21-05-2021	211751701002133	24-05-2021			1,0000000000
2021	626402	00401	21-05-2021	211751701002134	24-05-2021			1,0000000000
2021	626402	00402	31-05-2021	211751302013345	03-06-2021			1,0000000000
2021	626402	00403	28-05-2021	211751302013186	02-06-2021			1,0000000000
2021	626402	00404	21-05-2021	211751303009094	24-05-2021			1,0000000000
2021	626402	00405	21-05-2021	211751701002135	24-05-2021			1,0000000000
2021	626402	00406	21-05-2021	211751701002140	24-05-2021			1,0000000000
2021	626402	00407	21-05-2021	211751701002141	24-05-2021			1,0000000000
2021	626402	00411	24-05-2021	211751701002217	27-05-2021			1,0000000000
2021	626402	00412	24-05-2021	211751701002218	27-05-2021			1,0000000000
2021	626402	00413	24-05-2021	211751701002219	27-05-2021			1,0000000000
2021	626402	00414	24-05-2021	211751503000483	01-06-2021			1,0000000000
2021	626402	00415	24-05-2021	211751503000532	01-06-2021			1,0000000000
2021	626402	00416	24-05-2021	211751503000533	01-06-2021			1,0000000000
2021	626402	00419	27-05-2021	211751701002271	28-05-2021			1,0000000000
2021	626402	00420	27-05-2021	211751701002272	28-05-2021			1,0000000000
2021	626402	00421	27-05-2021	211751701002273	28-05-2021			1,0000000000
2021	626402	00422	27-05-2021	211751701002274	28-05-2021			1,0000000000
2021	626402	00423	27-05-2021	211751303009889	02-06-2021			1,0000000000
2021	626402	00424	27-05-2021	211751303009890	02-06-2021			1,0000000000
2021	626402	00425	28-05-2021	211751303009699	31-05-2021			1,0000000000
2021	626402	00426	28-05-2021	211751303009700	31-05-2021			1,0000000000
2021	626402	00427	28-05-2021	211751303009698	31-05-2021			1,0000000000
2021	626402	00428	31-05-2021	211751301021394	02-06-2021			1,0000000000
2021	626402	00429	31-05-2021	211751303010090	03-06-2021			1,0000000000
2021	626402	00430	31-05-2021	211751303010091	03-06-2021			1,0000000000
2021	626402	00431	31-05-2021	211751303010009	02-06-2021			1,0000000000
2021	626402	00432	31-05-2021	211751303010010	02-06-2021			1,0000000000
2021	626402	00433	31-05-2021	211751303010011	02-06-2021			1,0000000000
2021	626402	00434	31-05-2021	211751303010012	02-06-2021			1,0000000000
2021	626402	00435	31-05-2021	211751303010013	02-06-2021			1,0000000000
2021	626402	00436	02-06-2021	211751303010214	03-06-2021			1,0000000000
2021	626402	00437	02-06-2021	211751303010215	03-06-2021			1,0000000000
2021	626402	00438	02-06-2021	211751303010216	03-06-2021			1,0000000000
2021	626402	00439	02-06-2021	211751303010217	03-06-2021			1,0000000000
2021	626402	00440	02-06-2021	211751302013469	04-06-2021			1,0000000000
2021	626402	00441	02-06-2021	211751302013513	04-06-2021			1,0000000000
2021	626402	00442	02-06-2021	211751301022050	04-06-2021			1,0000000000
2021	626402	00443	02-06-2021	211751302013468	04-06-2021			1,0000000000
2021	626402	00444	03-06-2021	211751303010374	07-06-2021			1,0000000000
2021	626402	00445	03-06-2021	211751303010373	07-06-2021			1,0000000000
2021	626402	00446	03-06-2021	211751303010337	07-06-2021			1,0000000000
2021	626402	00447	03-06-2021	211751503000551	04-06-2021			1,0000000000
2021	626402	00448	03-06-2021	211751503000552	04-06-2021			1,0000000000
2021	626402	00449	03-06-2021	211751503000555	04-06-2021			1,0000000000
2021	626402	00450	04-06-2021	211751303010336	07-06-2021			1,0000000000
2021	626402	00451	07-06-2021	211751303010518	08-06-2021			1,0000000000
2021	626402	00452	07-06-2021	211751303010521	08-06-2021			1,0000000000
2021	626402	00453	07-06-2021	211751303010509	08-06-2021			1,0000000000
2021	626402	00454	07-06-2021	211751303010517	08-06-2021			1,0000000000
2021	626402	00455	07-06-2021	211751303010458	08-06-2021			1,0000000000
2021	626402	00456	07-06-2021	211751303010520	08-06-2021			1,0000000000
2021	626402	00457	08-06-2021	211751303010570	09-06-2021			1,0000000000
2021	626402	00458	08-06-2021	211751303010655	09-06-2021			1,0000000000
2021	626402	00459	09-06-2021	211751503000587	01-07-2021			1,0000000000
2021	626402	00461	10-06-2021	211751303011009	11-06-2021			1,0000000000
2021	626402	00462	10-06-2021	211751303011008	11-06-2021			1,0000000000
2021	626402	00463	14-06-2021	211751503000588	01-07-2021			1,0000000000
2021	626402	00464	14-06-2021	211751503000589	01-07-2021			1,0000000000
2021	626402	00467	14-06-2021	211751301024124	15-06-2021			1,0000000000
2021	626402	00468	14-06-2021	211751302014946	16-06-2021			1,0000000000
2021	626402	00469	14-06-2021	211751301024207	16-06-2021			1,0000000000
2021	626402	00470	14-06-2021	211751301024101	15-06-2021			1,0000000000
2021	626402	00471	14-06-2021	211751303011309	15-06-2021			1,0000000000
2021	626402	00472	14-06-2021	211751301024102	15-06-2021			1,0000000000
2021	626402	00473	14-06-2021	211751303011313	15-06-2021			1,0000000000
2021	626402	00474	14-06-2021	211751303011312	15-06-2021			1,0000000000
2021	626402	00475	15-06-2021	211751302015309	18-06-2021			1,0000000000
2021	626402	00476	16-06-2021	211751303011565	17-06-2021			1,0000000000
2021	626402	00477	16-06-2021	211751303011571	18-06-2021			1,0000000000
2021	626402	00478	16-06-2021	211751301024811	18-06-2021			1,0000000000
2021	626402	00479	16-06-2021	211751301024905	18-06-2021			1,0000000000
2021	626402	00480	16-06-2021	211751303011610	18-06-2021			1,0000000000
2021	626402	00481	16-06-2021	211751301024833	18-06-2021			1,0000000000
2021	626402	00482	16-06-2021	211751301024835	18-06-2021			1,0000000000
2021	626402	00483	16-06-2021	211751301024903	18-06-2021			1,0000000000
2021	626402	00484	16-06-2021	211751303011624	18-06-2021			1,0000000000
2021	626402	00485	16-06-2021	211751303011625	18-06-2021			1,0000000000
2021	626402	00486	16-06-2021	211751303011626	18-06-2021			1,0000000000
2021	626402	00487	16-06-2021	211751303011627	18-06-2021			1,0000000000
2021	626402	00488	16-06-2021	211751303011628	18-06-2021			1,0000000000
2021	626402	00489	16-06-2021	211751303011621	18-06-2021			1,0000000000
2021	626402	00490	16-06-2021	211751303011622	18-06-2021			1,0000000000
2021	626402	00491	16-06-2021	211751303011623	18-06-2021			1,0000000000
2021	626402	00492	16-06-2021	211751302015329	18-06-2021			1,0000000000
2021	626402	00493	16-06-2021	211751303011629	18-06-2021			1,0000000000
2021	626402	00494	16-06-2021	211751303011630	18-06-2021			1,0000000000
2021	626402	00495	23-06-2021	211751503000642	01-07-2021			1,0000000000
2021	626402	00496	23-06-2021	211751503000641	01-07-2021			1,0000000000
2021	626402	00497	23-06-2021	211751503000643	01-07-2021			1,0000000000
2021	626402	00498	28-06-2021	211751303012497	29-06-2021			1,0000000000
2021	626402	00499	28-06-2021	211751303012498	29-06-2021			1,0000000000
2021	626402	00500	28-06-2021	211751303012499	29-06-2021			1,0000000000
2021	626402	00501	28-06-2021	211751303012500	29-06-2021			1,0000000000
2021	626402	00502	28-06-2021	211751303012486	29-06-2021			1,0000000000
2021	626402	00503	28-06-2021	211751303012487	29-06-2021			1,0000000000
2021	626402	00504	28-06-2021	211751303012510	29-06-2021			1,0000000000
2021	626402	00505	28-06-2021	211751303012511	29-06-2021			1,0000000000
2021	626402	00506	28-06-2021	211751303012512	29-06-2021			1,0000000000
2021	626402	00507	28-06-2021	211751303012514	29-06-2021			1,0000000000
2021	626402	00508	28-06-2021	211751303012513	29-06-2021			1,0000000000
2021	626402	00509	30-06-2021	211751303012738	01-07-2021			1,0000000000
2021	626402	00510	30-06-2021	211751303012739	01-07-2021			1,0000000000
2021	626402	00511	30-06-2021	211751303012700	01-07-2021			1,0000000000
2021	626402	00512	30-06-2021	211751303012680	01-07-2021			1,0000000000
2021	626402	00513	30-06-2021	211751303012681	01-07-2021			1,0000000000
2021	626402	00514	30-06-2021	211751303012682	01-07-2021			1,0000000000
2021	626402	00515	30-06-2021	211751303012683	01-07-2021			1,0000000000
2021	626402	00516	30-06-2021	211751303012684	01-07-2021			1,0000000000
2021	626402	00517	01-07-2021	211751303012815	02-07-2021			1,0000000000
2021	626402	00518	01-07-2021	211751303012802	02-07-2021			1,0000000000
2021	626402	00519	01-07-2021	211751303012874	02-07-2021			1,0000000000
2021	626402	00520	01-07-2021	211751303012867	02-07-2021			1,0000000000
2021	626402	00521	01-07-2021	211751303012872	02-07-2021			1,0000000000
2021	626402	00522	01-07-2021	211751303012873	02-07-2021			1,0000000000
2021	626402	00523	01-07-2021	211751302016735	02-07-2021			1,0000000000
2021	626402	00524	01-07-2021	211751302016736	02-07-2021			1,0000000000
2021	626402	00525	01-07-2021	211751302016734	02-07-2021			1,0000000000
2021	626402	00526	02-07-2021	211751303012978	05-07-2021			1,0000000000
2021	626402	00527	02-07-2021	211751303012965	05-07-2021			1,0000000000
2021	626402	00528	02-07-2021	211751303012966	05-07-2021			1,0000000000
2021	626402	00529	02-07-2021	211751303012967	05-07-2021			1,0000000000
2021	626402	00530	02-07-2021	211751701003330	05-07-2021			1,0000000000
2021	626402	00531	02-07-2021	211751701003331	05-07-2021			1,0000000000
2021	626402	00532	02-07-2021	211751701003332	05-07-2021			1,0000000000
2021	626402	00533	02-07-2021	211751701003333	05-07-2021			1,0000000000
2021	626402	00534	02-07-2021	211751701003326	05-07-2021			1,0000000000
2021	626402	00535	02-07-2021	211751701003327	05-07-2021			1,0000000000
2021	626402	00536	02-07-2021	211751701003328	05-07-2021			1,0000000000
2021	626402	00537	02-07-2021	211751701003329	05-07-2021			1,0000000000
2021	626402	00538	02-07-2021	211751303013003	05-07-2021			1,0000000000
2021	626402	00539	02-07-2021	211751303013036	05-07-2021			1,0000000000
2021	626402	00540	02-07-2021	211751303013045	06-07-2021			1,0000000000
2021	626402	00543	05-07-2021	211751302016938	06-07-2021			1,0000000000
2021	626402	00544	05-07-2021	211751701003384	07-07-2021			1,0000000000
2021	626402	00545	05-07-2021	211751701003385	07-07-2021			1,0000000000
2021	626402	00546	06-07-2021	211751701003386	07-07-2021			1,0000000000
2021	626402	00547	07-07-2021	211751303013379	09-07-2021			1,0000000000
2021	626402	00548	07-07-2021	211751303013380	09-07-2021			1,0000000000
2021	626402	00549	07-07-2021	211751303013373	09-07-2021			1,0000000000
2021	626402	00550	07-07-2021	211751303013374	09-07-2021			1,0000000000
2021	626402	00551	07-07-2021	211751303013378	09-07-2021			1,0000000000
2021	626402	00552	08-07-2021	211751302017393	12-07-2021			1,0000000000
2021	626402	00553	08-07-2021	211751302017366	12-07-2021			1,0000000000
2021	626402	00554	08-07-2021	211751303013389	09-07-2021			1,0000000000
2021	626402	00555	08-07-2021	211751303013410	12-07-2021			1,0000000000
2021	626402	00556	08-07-2021	211751303013411	12-07-2021			1,0000000000
2021	626402	00557	08-07-2021	211751303013432	12-07-2021			1,0000000000
2021	626402	00558	08-07-2021	211751301027594	12-07-2021			1,0000000000
2021	626402	00559	08-07-2021	211751302017346	12-07-2021			1,0000000000
2021	626402	00560	09-07-2021	211751701003412	12-07-2021			1,0000000000
2021	626402	00561	09-07-2021	211751302017372	12-07-2021			1,0000000000
2021	626402	00562	09-07-2021	211751301027637	12-07-2021			1,0000000000
2021	626402	00563	09-07-2021	211751301027829	13-07-2021			1,0000000000
2021	626402	00564	09-07-2021	211751301027673	12-07-2021			1,0000000000
2021	626402	00565	09-07-2021	211751303013600	13-07-2021			1,0000000000
2021	626402	00566	12-07-2021	211751303013677	14-07-2021			1,0000000000
2021	626402	00567	12-07-2021	211751303013676	14-07-2021			1,0000000000
2021	626402	00568	12-07-2021	211751302017589	13-07-2021			1,0000000000
2021	626402	00569	12-07-2021	211751303013695	14-07-2021			1,0000000000
2021	626402	00570	14-07-2021	211751503000691	01-08-2021			1,0000000000
2021	626402	00571	14-07-2021	211751503000705	01-08-2021			1,0000000000
2021	626402	00572	14-07-2021	211751503000706	01-08-2021			1,0000000000
2021	626402	00573	14-07-2021	211751301028193	15-07-2021			1,0000000000
2021	626402	00574	14-07-2021	211751302017810	15-07-2021			1,0000000000
2021	626402	00575	14-07-2021	211751301028212	15-07-2021			1,0000000000
2021	626402	00576	15-07-2021	211751701003599	19-07-2021			1,0000000000
2021	626402	00577	15-07-2021	211751701003600	19-07-2021			1,0000000000
2021	626402	00578	19-07-2021	211751701003690	21-07-2021			1,0000000000
2021	626402	00579	22-07-2021	211751503000709	01-08-2021			1,0000000000
2021	626402	00580	22-07-2021	211751503000708	01-08-2021			1,0000000000
2021	626402	00581	22-07-2021	211751301029361	23-07-2021			1,0000000000
2021	626402	00582	22-07-2021	211751301029411	27-07-2021			1,0000000000
2021	626402	00583	22-07-2021	211751301029407	27-07-2021			1,0000000000
2021	626402	00584	23-07-2021	211751701003907	29-07-2021			1,0000000000
2021	626402	00585	23-07-2021	211751701003908	29-07-2021			1,0000000000
2021	626402	00586	23-07-2021	211751503000774	01-08-2021			1,0000000000
2021	626402	00587	23-07-2021	211751303014435	28-07-2021			1,0000000000
2021	626402	00588	23-07-2021	211751701003796	28-07-2021			1,0000000000
2021	626402	00589	23-07-2021	211751701003797	28-07-2021			1,0000000000
2021	626402	00590	23-07-2021	211751301029464	27-07-2021			1,0000000000
2021	626402	00591	23-07-2021	211751302018604	27-07-2021			1,0000000000
2021	626402	00592	23-07-2021	211751302018602	27-07-2021			1,0000000000
2021	626402	00593	26-07-2021	211751701003909	29-07-2021			1,0000000000
2021	626402	00594	26-07-2021	211751701003910	29-07-2021			1,0000000000
2021	626402	00595	26-07-2021	211751701003846	29-07-2021			1,0000000000
2021	626402	00596	26-07-2021	211751701003847	29-07-2021			1,0000000000
2021	626402	00597	26-07-2021	211751701003848	29-07-2021			1,0000000000
2021	626402	00598	26-07-2021	211751701003849	29-07-2021			1,0000000000
2021	626402	00599	26-07-2021	211751701003850	29-07-2021			1,0000000000
2021	626402	00600	26-07-2021	211751701003866	29-07-2021			1,0000000000
2021	626402	00601	26-07-2021	211751701003867	29-07-2021			1,0000000000
2021	626402	00602	26-07-2021	211751701003868	29-07-2021			1,0000000000
2021	626402	00603	26-07-2021	211751303014375	27-07-2021			1,0000000000
2021	626402	00604	26-07-2021	211751303014376	27-07-2021			1,0000000000
2021	626402	00605	26-07-2021	211751303014377	27-07-2021			1,0000000000
2021	626402	00606	26-07-2021	211751303014426	28-07-2021			1,0000000000
2021	626402	00607	26-07-2021	211751302018704	28-07-2021			1,0000000000
2021	626402	00608	26-07-2021	211751302018707	28-07-2021			1,0000000000
2021	626402	00609	26-07-2021	211751301029601	28-07-2021			1,0000000000
2021	626402	00610	26-07-2021	211751301029600	28-07-2021			1,0000000000
2021	626402	00611	26-07-2021	211751303014425	28-07-2021			1,0000000000
2021	626402	00613	27-07-2021	211751701003825	28-07-2021			1,0000000000
2021	626402	00614	27-07-2021	211751701003826	28-07-2021			1,0000000000
2021	626402	00615	27-07-2021	211751701003827	28-07-2021			1,0000000000
2021	626402	00616	27-07-2021	211751701003823	28-07-2021			1,0000000000
2021	626402	00617	27-07-2021	211751701003824	28-07-2021			1,0000000000
2021	626402	00618	27-07-2021	211751303014438	28-07-2021			1,0000000000
2021	626402	00619	28-07-2021	211751701003940	29-07-2021			1,0000000000
2021	626402	00620	28-07-2021	211751701003942	29-07-2021			1,0000000000
2021	626402	00622	28-07-2021	211751302018917	29-07-2021			1,0000000000
2021	626402	00623	28-07-2021	211751302018908	29-07-2021			1,0000000000
2021	626402	00624	28-07-2021	211751302018909	29-07-2021			1,0000000000
2021	626402	00625	29-07-2021	211751701004012	30-07-2021			1,0000000000
2021	626402	00626	29-07-2021	211751701004013	30-07-2021			1,0000000000
2021	626402	00627	29-07-2021	211751701004014	30-07-2021			1,0000000000
2021	626402	00628	29-07-2021	211751301030199	30-07-2021			1,0000000000
2021	626402	00629	29-07-2021	211751301030205	30-07-2021			1,0000000000
2021	626402	00630	29-07-2021	211751301030226	30-07-2021			1,0000000000
2021	626402	00631	30-07-2021	211751701004121	02-08-2021			1,0000000000
2021	626402	00632	30-07-2021	211751701004122	02-08-2021			1,0000000000
2021	626402	00633	30-07-2021	211751701004123	02-08-2021			1,0000000000
2021	626402	00634	30-07-2021	211751303015081	02-08-2021			1,0000000000
2021	626402	00635	30-07-2021	211751303015139	02-08-2021			1,0000000000
2021	626402	00636	30-07-2021	211751303015082	02-08-2021			1,0000000000
2021	626402	00637	02-08-2021	211751701004153	03-08-2021			1,0000000000
2021	626402	00638	02-08-2021	211751701004154	03-08-2021			1,0000000000
2021	626402	00639	02-08-2021	211751701004155	03-08-2021			1,0000000000
2021	626402	00640	02-08-2021	211751701004156	03-08-2021			1,0000000000
2021	626402	00641	02-08-2021	211751701004157	03-08-2021			1,0000000000
2021	626402	00642	02-08-2021	211751701004158	03-08-2021			1,0000000000
2021	626402	00643	02-08-2021	211751701004152	03-08-2021			1,0000000000
2021	626402	00644	02-08-2021	211751303015223	03-08-2021			1,0000000000
2021	626402	00645	02-08-2021	211751303015237	03-08-2021			1,0000000000
2021	626402	00646	02-08-2021	211751303015236	03-08-2021			1,0000000000
2021	626402	00647	02-08-2021	211751303015250	04-08-2021			1,0000000000
2021	626402	00648	03-08-2021	211751302019444	04-08-2021			1,0000000000
2021	626402	00649	03-08-2021	211751701004176	04-08-2021			1,0000000000
2021	626402	00650	06-08-2021	211751303015743	09-08-2021			1,0000000000
2021	626402	00651	03-08-2021	211751303015251	04-08-2021			1,0000000000
2021	626402	00652	03-08-2021	211751303015377	05-08-2021			1,0000000000
2021	626402	00653	04-08-2021	211751303015483	06-08-2021			1,0000000000
2021	626402	00654	04-08-2021	211751701004189	05-08-2021			1,0000000000
2021	626402	00655	04-08-2021	211751701004188	05-08-2021			1,0000000000
2021	626402	00656	04-08-2021	211751302019655	06-08-2021			1,0000000000
2021	626402	00657	05-08-2021	211751303015520	06-08-2021			1,0000000000
2021	626402	00658	05-08-2021	211751303015529	06-08-2021			1,0000000000
2021	626402	00659	09-08-2021	211751302020220	13-08-2021			1,0000000000
2021	626402	00660	06-08-2021	211751303015719	09-08-2021			1,0000000000
2021	626402	00661	06-08-2021	211751302019860	09-08-2021			1,0000000000
2021	626402	00662	06-08-2021	211751302019884	09-08-2021			1,0000000000
2021	626402	00663	06-08-2021	211751301031346	09-08-2021			1,0000000000
2021	626402	00664	10-08-2021	211751302020185	13-08-2021			1,0000000000
2021	626402	00665	10-08-2021	211751303016168	13-08-2021			1,0000000000
2021	626402	00666	10-08-2021	211751303016169	13-08-2021			1,0000000000
2021	626402	00667	10-08-2021	211751303016163	13-08-2021			1,0000000000
2021	626402	00668	10-08-2021	211751301031852	13-08-2021			1,0000000000
2021	626402	00669	18-08-2021	211751503000804	01-09-2021			1,0000000000
2021	626402	00670	18-08-2021	211751503000803	01-09-2021			1,0000000000
2021	626402	00671	18-08-2021	211751503000805	01-09-2021			1,0000000000
2021	626402	00672	13-08-2021	211751303016329	18-08-2021			1,0000000000
2021	626402	00673	18-08-2021	211751303016459	19-08-2021			1,0000000000
2021	626402	00674	19-08-2021	211751301032917	20-08-2021			1,0000000000
2021	626402	00675	24-08-2021	211751302021017	25-08-2021			1,0000000000
2021	626402	00676	19-08-2021	211751301033177	24-08-2021			1,0000000000
2021	626402	00677	20-08-2021	211751301033180	24-08-2021			1,0000000000
2021	626402	00678	20-08-2021	211751301033256	24-08-2021			1,0000000000
2021	626402	00679	20-08-2021	211751303016727	23-08-2021			1,0000000000
2021	626402	00680	20-08-2021	211751303016728	23-08-2021			1,0000000000
2021	626402	00681	20-08-2021	211751303016725	23-08-2021			1,0000000000
2021	626402	00682	23-08-2021	211751303016881	25-08-2021			1,0000000000
2021	626402	00683	23-08-2021	211751303016915	25-08-2021			1,0000000000
2021	626402	00684	23-08-2021	211751303016913	25-08-2021			1,0000000000
2021	626402	00685	23-08-2021	211751303016914	25-08-2021			1,0000000000
2021	626402	00686	23-08-2021	211751303016815	24-08-2021			1,0000000000
2021	626402	00687	23-08-2021	211751303016816	24-08-2021			1,0000000000
2021	626402	00688	23-08-2021	211751303016817	24-08-2021			1,0000000000
2021	626402	00689	24-08-2021	211751303016916	25-08-2021			1,0000000000
2021	626402	00690	24-08-2021	211751303016880	25-08-2021			1,0000000000
2021	626402	00691	24-08-2021	211751503000823	01-09-2021			1,0000000000
2021	626402	00692	24-08-2021	211751503000849	01-09-2021			1,0000000000
2021	626402	00693	24-08-2021	211751503000850	01-09-2021			1,0000000000
2021	626402	00694	24-08-2021	211751303016991	25-08-2021			1,0000000000
2021	626402	00695	24-08-2021	211751301033686	26-08-2021			1,0000000000
2021	626402	00696	24-08-2021	211751302021101	26-08-2021			1,0000000000
2021	626402	00697	25-08-2021	211751302021189	26-08-2021			1,0000000000
2021	626402	00698	25-08-2021	211751302021175	26-08-2021			1,0000000000
2021	626402	00699	25-08-2021	211751302021329	27-08-2021			1,0000000000
2021	626402	00700	26-08-2021	211751303017140	27-08-2021			1,0000000000
2021	626402	00701	26-08-2021	211751303017142	27-08-2021			1,0000000000
2021	626402	00702	26-08-2021	211751303017141	27-08-2021			1,0000000000
2021	626402	00703	30-08-2021	211751303017396	31-08-2021			1,0000000000
2021	626402	00704	30-08-2021	211751303017397	31-08-2021			1,0000000000
2021	626402	00705	30-08-2021	211751303017398	31-08-2021			1,0000000000
2021	626402	00706	01-09-2021	211751301034780	02-09-2021			1,0000000000
2021	626402	00707	01-09-2021	211751301034692	02-09-2021			1,0000000000
2021	626402	00708	01-09-2021	211751302021874	02-09-2021			1,0000000000
2021	626402	00709	01-09-2021	211751302021885	02-09-2021			1,0000000000
2021	626402	00710	01-09-2021	211751302021888	02-09-2021			1,0000000000
2021	626402	00711	01-09-2021	211751303017664	02-09-2021			1,0000000000
2021	626402	00712	01-09-2021	211751303017665	02-09-2021			1,0000000000
2021	626402	00713	02-09-2021	211751303017749	03-09-2021			1,0000000000
2021	626402	00715	02-09-2021	211751303017750	03-09-2021			1,0000000000
2021	626402	00716	06-09-2021	211751303018091	07-09-2021			1,0000000000
2021	626402	00717	06-09-2021	211751303018092	07-09-2021			1,0000000000
2021	626402	00718	06-09-2021	211751303018093	07-09-2021			1,0000000000
2021	626402	00719	06-09-2021	211751302022485	08-09-2021			1,0000000000
2021	626402	00721	07-09-2021	211751303018579	10-09-2021			1,0000000000
2021	626402	00722	07-09-2021	211751303018210	08-09-2021			1,0000000000
2021	626402	00723	07-09-2021	211751303018302	08-09-2021			1,0000000000
2021	626402	00724	08-09-2021	211751303018394	09-09-2021			1,0000000000
2021	626402	00725	08-09-2021	211751303018558	10-09-2021			1,0000000000
2021	626402	00726	08-09-2021	211751303018412	09-09-2021			1,0000000000
2021	626402	00727	08-09-2021	211751303018413	09-09-2021			1,0000000000
2021	626402	00728	08-09-2021	211751303018414	09-09-2021			1,0000000000
2021	626402	00729	08-09-2021	211751303018415	09-09-2021			1,0000000000
2021	626402	00730	08-09-2021	211751303018411	09-09-2021			1,0000000000
2021	626402	00731	08-09-2021	211751303018417	09-09-2021			1,0000000000
2021	626402	00732	08-09-2021	211751303018418	09-09-2021			1,0000000000
2021	626402	00733	09-09-2021	211751303018693	13-09-2021			1,0000000000
2021	626402	00734	09-09-2021	211751302022796	13-09-2021			1,0000000000
2021	626402	00735	09-09-2021	211751302022802	13-09-2021			1,0000000000
2021	626402	00736	09-09-2021	211751302022803	13-09-2021			1,0000000000
2021	626402	00737	09-09-2021	211751301036594	13-09-2021			1,0000000000
2021	626402	00738	09-09-2021	211751302022789	13-09-2021			1,0000000000
2021	626402	00739	09-09-2021	211751302022790	13-09-2021			1,0000000000
2021	626402	00740	09-09-2021	211751302022791	13-09-2021			1,0000000000
2021	626402	00741	09-09-2021	211751302022792	13-09-2021			1,0000000000
2021	626402	00742	09-09-2021	211751303018696	13-09-2021			1,0000000000
2021	626402	00743	09-09-2021	211751301036557	13-09-2021			1,0000000000
2021	626402	00744	09-09-2021	211751302022843	13-09-2021			1,0000000000
2021	626402	00745	09-09-2021	211751303018622	13-09-2021			1,0000000000
2021	626402	00746	09-09-2021	211751303018679	13-09-2021			1,0000000000
2021	626402	00747	10-09-2021	211751303018621	13-09-2021			1,0000000000
2021	626402	00748	10-09-2021	211751303018724	13-09-2021			1,0000000000
2021	626402	00749	10-09-2021	211751303018723	13-09-2021			1,0000000000
2021	626402	00750	13-09-2021	211751303018844	14-09-2021			1,0000000000
2021	626402	00751	13-09-2021	211751303018843	14-09-2021			1,0000000000
2021	626402	00752	13-09-2021	211751303018912	14-09-2021			1,0000000000
2021	626402	00753	14-09-2021	211751301037119	15-09-2021			1,0000000000
2021	626402	00754	14-09-2021	211751302023121	15-09-2021			1,0000000000
2021	626402	00755	15-09-2021	211751303019191	17-09-2021			1,0000000000
2021	626402	00756	15-09-2021	211751303019192	17-09-2021			1,0000000000
2021	626402	00757	15-09-2021	211751303019193	17-09-2021			1,0000000000
2021	626402	00758	15-09-2021	211751303019194	17-09-2021			1,0000000000
2021	626402	00759	15-09-2021	211751503000915	01-10-2021			1,0000000000
2021	626402	00760	15-09-2021	211751503000914	01-10-2021			1,0000000000
2021	626402	00761	15-09-2021	211751503000916	01-10-2021			1,0000000000
2021	626402	00762	16-09-2021	211751303019195	17-09-2021			1,0000000000
2021	626402	00763	16-09-2021	211751303019196	17-09-2021			1,0000000000
2021	626402	00764	16-09-2021	211751303019197	17-09-2021			1,0000000000
2021	626402	00765	16-09-2021	211751701004751	17-09-2021			1,0000000000
2021	626402	00766	16-09-2021	211751302023616	21-09-2021			1,0000000000
2021	626402	00767	16-09-2021	211751302023617	21-09-2021			1,0000000000
2021	626402	00768	16-09-2021	211751301037681	17-09-2021			1,0000000000
2021	626402	00769	17-09-2021	211751301037942	20-09-2021			1,0000000000
2021	626402	00770	17-09-2021	211751301037941	20-09-2021			1,0000000000
2021	626402	00772	21-09-2021	211751303019620	22-09-2021			1,0000000000
2021	626402	00773	21-09-2021	211751303019621	22-09-2021			1,0000000000
2021	626402	00774	21-09-2021	211751503000973	01-10-2021			1,0000000000
2021	626402	00775	21-09-2021	211751503000941	01-10-2021			1,0000000000
2021	626402	00776	21-09-2021	211751503000942	01-10-2021			1,0000000000
2021	626402	00777	22-09-2021	211751701005061	24-09-2021			1,0000000000
2021	626402	00779	22-09-2021	211751303019816	24-09-2021			1,0000000000
2021	626402	00780	22-09-2021	211751301038706	24-09-2021			1,0000000000
2021	626402	00781	23-09-2021	211751701005060	24-09-2021			1,0000000000
2021	626402	00782	24-09-2021	211751303019951	27-09-2021			1,0000000000
2021	626402	00783	24-09-2021	211751302024410	28-09-2021			1,0000000000
2021	626402	00784	24-09-2021	211751302024419	28-09-2021			1,0000000000
2021	626402	00785	24-09-2021	211751303019965	28-09-2021			1,0000000000
2021	626402	00786	24-09-2021	211751303020016	28-09-2021			1,0000000000
2021	626402	00787	24-09-2021	211751301039180	28-09-2021			1,0000000000
2021	626402	00788	24-09-2021	211751301039181	28-09-2021			1,0000000000
2021	626402	00789	24-09-2021	211751303020044	28-09-2021			1,0000000000
2021	626402	00790	24-09-2021	211751302024426	28-09-2021			1,0000000000
2021	626402	00791	24-09-2021	211751302024427	28-09-2021			1,0000000000
2021	626402	00793	27-09-2021	211751302024494	28-09-2021			1,0000000000
2021	626402	00794	27-09-2021	211751302024495	28-09-2021			1,0000000000
2021	626402	00795	27-09-2021	211751301039362	29-09-2021			1,0000000000
2021	626402	00796	27-09-2021	211751701005122	28-09-2021			1,0000000000
2021	626402	00797	27-09-2021	211751701005123	28-09-2021			1,0000000000
2021	626402	00799	28-09-2021	211751303020365	30-09-2021			1,0000000000
2021	626402	00800	28-09-2021	211751303020366	30-09-2021			1,0000000000
2021	626402	00801	28-09-2021	211751303020367	30-09-2021			1,0000000000
2021	626402	00802	28-09-2021	211751701005247	29-09-2021			1,0000000000
2021	626402	00803	28-09-2021	211751303020252	29-09-2021			1,0000000000
2021	626402	00804	28-09-2021	211751301039479	29-09-2021			1,0000000000
2021	626402	00805	28-09-2021	211751701005264	30-09-2021			1,0000000000
2021	626402	00806	28-09-2021	211751303020358	30-09-2021			1,0000000000
2021	626402	00807	01-10-2021	211751303020679	04-10-2021			1,0000000000
2021	626402	00808	01-10-2021	211751701005361	04-10-2021			1,0000000000
2021	626402	00809	01-10-2021	211751701005362	04-10-2021			1,0000000000
2021	626402	00810	01-10-2021	211751701005363	04-10-2021			1,0000000000
2021	626402	00811	01-10-2021	211751303020747	04-10-2021			1,0000000000
2021	626402	00812	01-10-2021	211751303020746	04-10-2021			1,0000000000
2021	626402	00813	01-10-2021	211751303020748	04-10-2021			1,0000000000
2021	626402	00814	01-10-2021	211751302025131	05-10-2021			1,0000000000
2021	626402	00815	04-10-2021	211751303020836	05-10-2021			1,0000000000
2021	626402	00816	04-10-2021	211751301040543	05-10-2021			1,0000000000
2021	626402	00817	04-10-2021	211751302025204	05-10-2021			1,0000000000
2021	626402	00818	04-10-2021	211751302025203	05-10-2021			1,0000000000
2021	626402	00819	04-10-2021	211751701005409	06-10-2021			1,0000000000
2021	626402	00820	04-10-2021	211751701005400	06-10-2021			1,0000000000
2021	626402	00821	04-10-2021	211751701005401	06-10-2021			1,0000000000
2021	626402	00822	04-10-2021	211751701005408	06-10-2021			1,0000000000
2021	626402	00823	04-10-2021	211751301040840	06-10-2021			1,0000000000
2021	626402	00824	05-10-2021	211751302025356	06-10-2021			1,0000000000
2021	626402	00825	05-10-2021	211751303020976	06-10-2021			1,0000000000
2021	626402	00826	05-10-2021	211751701005402	06-10-2021			1,0000000000
2021	626402	00827	05-10-2021	211751701005403	06-10-2021			1,0000000000
2021	626402	00828	05-10-2021	211751701005404	06-10-2021			1,0000000000
2021	626402	00829	05-10-2021	211751701005405	06-10-2021			1,0000000000
2021	626402	00830	05-10-2021	211751701005398	06-10-2021			1,0000000000
2021	626402	00831	05-10-2021	211751303021027	06-10-2021			1,0000000000
2021	626402	00832	05-10-2021	211751303021042	06-10-2021			1,0000000000
2021	626402	00833	05-10-2021	211751303021056	06-10-2021			1,0000000000
2021	626402	00834	05-10-2021	211751303021033	06-10-2021			1,0000000000
2021	626402	00835	06-10-2021	211751701005419	07-10-2021			1,0000000000
2021	626402	00836	06-10-2021	211751701005420	07-10-2021			1,0000000000
2021	626402	00837	06-10-2021	211751701005431	07-10-2021			1,0000000000
2021	626402	00838	06-10-2021	211751701005422	07-10-2021			1,0000000000
2021	626402	00839	06-10-2021	211751701005423	07-10-2021			1,0000000000
2021	626402	00840	06-10-2021	211751701005424	07-10-2021			1,0000000000
2021	626402	00841	06-10-2021	211751701005425	07-10-2021			1,0000000000
2021	626402	00842	06-10-2021	211751701005426	07-10-2021			1,0000000000
2021	626402	00843	06-10-2021	211751701005421	07-10-2021			1,0000000000
2021	626402	00844	06-10-2021	211751701005418	07-10-2021			1,0000000000
2021	626402	00845	06-10-2021	211751303021276	08-10-2021			1,0000000000
2021	626402	00846	06-10-2021	211751303021169	08-10-2021			1,0000000000
2021	626402	00847	07-10-2021	211751303021275	08-10-2021			1,0000000000
2021	626402	00848	07-10-2021	211751303021277	08-10-2021			1,0000000000
2021	626402	00849	07-10-2021	211751701005448	08-10-2021			1,0000000000
2021	626402	00850	07-10-2021	211751701005449	08-10-2021			1,0000000000
2021	626402	00851	07-10-2021	211751701005450	08-10-2021			1,0000000000
2021	626402	00852	07-10-2021	211751701005451	08-10-2021			1,0000000000
2021	626402	00853	07-10-2021	211751701005452	08-10-2021			1,0000000000
2021	626402	00854	07-10-2021	211751701005443	08-10-2021			1,0000000000
2021	626402	00855	07-10-2021	211751701005462	08-10-2021			1,0000000000
2021	626402	00856	07-10-2021	211751301041475	11-10-2021			1,0000000000
2021	626402	00857	07-10-2021	211751301041473	11-10-2021			1,0000000000
2021	626402	00858	07-10-2021	211751301041474	11-10-2021			1,0000000000
2021	626402	00859	08-10-2021	211751701005509	11-10-2021			1,0000000000
2021	626402	00860	08-10-2021	211751701005510	11-10-2021			1,0000000000
2021	626402	00861	08-10-2021	211751701005511	11-10-2021			1,0000000000
2021	626402	00862	08-10-2021	211751701005512	11-10-2021			1,0000000000
2021	626402	00863	08-10-2021	211751701005508	11-10-2021			1,0000000000
2021	626402	00864	11-10-2021	211751303021704	12-10-2021			1,0000000000
2021	626402	00865	11-10-2021	211751303021705	12-10-2021			1,0000000000
2021	626402	00866	12-10-2021	211751503001045	01-11-2021			1,0000000000
2021	626402	00867	12-10-2021	211751503001046	01-11-2021			1,0000000000
2021	626402	00868	12-10-2021	211751503001047	01-11-2021			1,0000000000
2021	626402	00869	13-10-2021	211751301043219	18-10-2021			1,0000000000
2021	626402	00870	14-10-2021	211751301043105	15-10-2021			1,0000000000
2021	626402	00871	14-10-2021	211751303022335	15-10-2021			1,0000000000
2021	626402	00872	14-10-2021	211751303022336	15-10-2021			1,0000000000
2021	626402	00873	15-10-2021	211751303022433	18-10-2021			1,0000000000
2021	626402	00874	15-10-2021	211751303022434	18-10-2021			1,0000000000
2021	626402	00875	15-10-2021	211751303022432	18-10-2021			1,0000000000
2021	626402	00876	18-10-2021	211751303022639	19-10-2021			1,0000000000
2021	626402	00877	18-10-2021	211751303022640	19-10-2021			1,0000000000
2021	626402	00878	18-10-2021	211751303022609	19-10-2021			1,0000000000
2021	626402	00881	19-10-2021	211751301043832	21-10-2021			1,0000000000
2021	626402	00882	19-10-2021	211751303022816	21-10-2021			1,0000000000
2021	626402	00884	21-10-2021	211751303022924	22-10-2021			1,0000000000
2021	626402	00885	21-10-2021	211751303023036	22-10-2021			1,0000000000
2021	626402	00886	21-10-2021	211751303022997	22-10-2021			1,0000000000
2021	626402	00887	21-10-2021	211751303022923	22-10-2021			1,0000000000
2021	626402	00888	21-10-2021	211751503001050	01-11-2021			1,0000000000
2021	626402	00889	21-10-2021	211751503001049	01-11-2021			1,0000000000
2021	626402	00890	21-10-2021	211751503001011	01-11-2021			1,0000000000
2021	626402	00891	21-10-2021	211751303023071	22-10-2021			1,0000000000
2021	626402	00892	21-10-2021	211751303023072	22-10-2021			1,0000000000
2021	626402	00893	25-10-2021	211751303023470	26-10-2021			1,0000000000
2021	626402	00894	25-10-2021	211751303023468	26-10-2021			1,0000000000
2021	626402	00895	25-10-2021	211751303023469	26-10-2021			1,0000000000
2021	626402	00896	25-10-2021	211751303023648	27-10-2021			1,0000000000
2021	626402	00897	26-10-2021	211751303023821	27-10-2021			1,0000000000
2021	626402	00898	26-10-2021	211751301045084	27-10-2021			1,0000000000
2021	626402	00899	28-10-2021	211751303024289	01-11-2021			1,0000000000
2021	626402	00900	28-10-2021	211751303024290	01-11-2021			1,0000000000
2021	626402	00901	28-10-2021	211751303024267	01-11-2021			1,0000000000
2021	626402	00902	28-10-2021	211751303024268	01-11-2021			1,0000000000
2021	626402	00903	26-10-2021	211751303023819	27-10-2021			1,0000000000
2021	626402	00904	26-10-2021	211751303023820	27-10-2021			1,0000000000
2021	626402	00915	28-10-2021	211751303024269	01-11-2021			1,0000000000
2021	626402	00916	28-10-2021	211751303024270	01-11-2021			1,0000000000
2021	626402	00917	28-10-2021	211751303024271	01-11-2021			1,0000000000
2021	626402	00918	28-10-2021	211751303024245	01-11-2021			1,0000000000
2021	626402	00919	28-10-2021	211751303024246	01-11-2021			1,0000000000
2021	626402	00920	01-11-2021	211751303024478	02-11-2021			1,0000000000
2021	626402	00921	01-11-2021	211751303024501	02-11-2021			1,0000000000
2021	626402	00922	01-11-2021	211751303024566	03-11-2021			1,0000000000
2021	626402	00923	01-11-2021	211751303024567	03-11-2021			1,0000000000
2021	626402	00924	01-11-2021	211751303024568	03-11-2021			1,0000000000
2021	626402	00925	01-11-2021	211751302029012	03-11-2021			1,0000000000
2021	626402	00926	01-11-2021	211751302029013	03-11-2021			1,0000000000
2021	626402	00927	01-11-2021	211751301046431	03-11-2021			1,0000000000
2021	626402	00928	01-11-2021	211751302029091	03-11-2021			1,0000000000
2021	626402	00929	01-11-2021	211751302029109	03-11-2021			1,0000000000
2021	626402	00930	01-11-2021	211751303024623	03-11-2021			1,0000000000
2021	626402	00931	02-11-2021	211751301046900	04-11-2021			1,0000000000
2021	626402	00932	02-11-2021	211751301046897	04-11-2021			1,0000000000
2021	626402	00933	02-11-2021	211751301046782	04-11-2021			1,0000000000
2021	626402	00934	02-11-2021	211751303025050	04-11-2021			1,0000000000
2021	626402	00935	02-11-2021	211751303025051	04-11-2021			1,0000000000
2021	626402	00936	02-11-2021	211751303025052	04-11-2021			1,0000000000
2021	626402	00937	02-11-2021	211751303025053	04-11-2021			1,0000000000
2021	626402	00938	02-11-2021	211751303025054	04-11-2021			1,0000000000
2021	626402	00939	02-11-2021	211751303025003	04-11-2021			1,0000000000
2021	626402	00940	02-11-2021	211751302029471	04-11-2021			1,0000000000
2021	626402	00941	02-11-2021	211751301046915	04-11-2021			1,0000000000
2021	626402	00942	02-11-2021	211751302029435	04-11-2021			1,0000000000
2021	626402	00943	02-11-2021	211751301046920	04-11-2021			1,0000000000
2021	626402	00944	02-11-2021	211751303025055	04-11-2021			1,0000000000
2021	626402	00945	02-11-2021	211751303025030	04-11-2021			1,0000000000
2021	626402	00946	03-11-2021	211751303025057	04-11-2021			1,0000000000
2021	626402	00947	03-11-2021	211751303025058	04-11-2021			1,0000000000
2021	626402	00948	03-11-2021	211751302029482	04-11-2021			1,0000000000
2021	626402	00949	03-11-2021	211751302029483	04-11-2021			1,0000000000
2021	626402	00950	03-11-2021	211751302029481	04-11-2021			1,0000000000
2021	626402	00951	03-11-2021	211751302029486	04-11-2021			1,0000000000
2021	626402	00952	03-11-2021	211751302029475	04-11-2021			1,0000000000
2021	626402	00953	03-11-2021	211751301047331	05-11-2021			1,0000000000
2021	626402	00954	03-11-2021	211751303025103	05-11-2021			1,0000000000
2021	626402	00955	03-11-2021	211751302029754	05-11-2021			1,0000000000
2021	626402	00956	03-11-2021	211751301047367	05-11-2021			1,0000000000
2021	626402	00957	03-11-2021	211751302029759	05-11-2021			1,0000000000
2021	626402	00958	03-11-2021	211751301047500	08-11-2021			1,0000000000
2021	626402	00960	04-11-2021	211751303025210	05-11-2021			1,0000000000
2021	626402	00961	04-11-2021	211751303025105	05-11-2021			1,0000000000
2021	626402	00962	04-11-2021	211751303025104	05-11-2021			1,0000000000
2021	626402	00963	04-11-2021	211751302029526	05-11-2021			1,0000000000
2021	626402	00964	10-11-2021	211751303026131	11-11-2021			1,0000000000
2021	626402	00965	10-11-2021	211751303026124	11-11-2021			1,0000000000
2021	626402	00966	05-11-2021	211751303025467	08-11-2021			1,0000000000
2021	626402	00967	05-11-2021	211751303025480	08-11-2021			1,0000000000
2021	626402	00968	08-11-2021	211751303025721	09-11-2021			1,0000000000
2021	626402	00969	08-11-2021	211751303025715	09-11-2021			1,0000000000
2021	626402	00970	08-11-2021	211751303025570	09-11-2021			1,0000000000
2021	626402	00971	09-11-2021	211751303025889	10-11-2021			1,0000000000
2021	626402	00972	09-11-2021	211751303025882	10-11-2021			1,0000000000
2021	626402	00973	09-11-2021	211751303025883	10-11-2021			1,0000000000
2021	626402	00974	09-11-2021	211751303025907	10-11-2021			1,0000000000
2021	626402	00978	11-11-2021	211751301048882	12-11-2021			1,0000000000
2021	626402	00979	11-11-2021	211751301048945	12-11-2021			1,0000000000
2021	626402	00980	11-11-2021	211751302030795	12-11-2021			1,0000000000
2021	626402	00981	11-11-2021	211751302030796	12-11-2021			1,0000000000
2021	626402	00983	15-11-2021	211751303026620	16-11-2021			1,0000000000
2021	626402	00984	15-11-2021	211751303026631	16-11-2021			1,0000000000
2021	626402	00985	15-11-2021	211751303026630	16-11-2021			1,0000000000
2021	626402	00986	16-11-2021	211751303026816	17-11-2021			1,0000000000
2021	626402	00987	17-11-2021	211751302031944	19-11-2021			1,0000000000
2021	626402	00988	17-11-2021	211751303027438	19-11-2021			1,0000000000
2021	626402	00989	17-11-2021	211751303027412	19-11-2021			1,0000000000
2021	626402	00990	17-11-2021	211751301050619	19-11-2021			1,0000000000
2021	626402	00991	17-11-2021	211751302032133	19-11-2021			1,0000000000
2021	626402	00992	17-11-2021	211751302032122	19-11-2021			1,0000000000
2021	626402	00993	17-11-2021	211751302032112	19-11-2021			1,0000000000
2021	626402	00994	17-11-2021	211751301050625	19-11-2021			1,0000000000
2021	626402	00995	17-11-2021	211751303027194	19-11-2021			1,0000000000
2021	626402	00996	17-11-2021	211751303027193	19-11-2021			1,0000000000
2021	626402	00997	18-11-2021	211751302032196	19-11-2021			1,0000000000
2021	626402	00998	18-11-2021	211751303027483	19-11-2021			1,0000000000
2021	626402	00999	18-11-2021	211751302032171	19-11-2021			1,0000000000
2021	626402	01000	18-11-2021	211751302032202	19-11-2021			1,0000000000
2021	626402	01001	18-11-2021	211751303027481	19-11-2021			1,0000000000
2021	626402	01002	18-11-2021	211751303027482	19-11-2021			1,0000000000
2021	626402	01003	18-11-2021	211751701007011	19-11-2021			1,0000000000
2021	626402	01005	19-11-2021	211751303027677	22-11-2021			1,0000000000
								
